14791
14010
15781
